1)  1   2   3   4   5
    1   2   3   4   5
    1   2   3   4   5

2)  1   1   1   1   1
    2   2   2   2   2
    3   3   3   3   3
    
3)  1	2	3	4	5
    1	2	3	4
    1	2	3
    1	2
    1

4)  5   4   3   2   1
    5   4   3   2
    5   4   3
    5   4
    5

5)  1   1   1   1   1
    2   2   2   2   
    3   3   3
    4   4
    5

6)  5   5   5   5   5
    4   4   4   4
    3   3   3
    2   2
    1

7)  1   2   3   4   5
    2   4   6   8
    3   6   9   
    4   8
    5

8)  1   2   3   4   5
    2   3   4   5
    3   4   5
    4   5
    5

9)  5   4   3   2   1
    5   4   3   2
    5   4   3
    5   4
    5

10) 5   4   3   2   1
    4   3   2   1
    3   2   1
    2   1
    1

11) 1   2   3   4
    1   2   3
    1   2
    1
    Empty

12) 1   2   3   4   1
    1   2   3   1
    1   2   1
    1   1
    1

13) 1   2   3   4   1
    1   2   3   1   1
    1   2   1   1   1
    1   1   1   1   1
    1   1   1   1   1

14) 1   2   3   4   1
    1   2   3   1   2
    1   2   1   2   3
    1   1   2   3   4
    1   2   3   4   5

15) 1   2   3   4   1
    1   2   3   2   2
    1   2   3   3   3
    1   4   4   4   4
    1   5   5   5   5

16)                 1
                1   2
            1   2   3
        1   2   3   4
    1   2   3   4   5

17)                 1
                2   1
            3   2   1
        4   3   2   1
    5   4   3   2   1

18)                 1
                2   2
            3   3   3
        4   4   4   4
    5   5   5   5   5   

19) 			    *
			    *	*
		    *	*	*
	    *	*	*	*
    *	*	*	*	*   

20)         *   
          *   *   
        *   *   *   
      *   *   *   *   
    *   *   *   *   *  

21) 1
    1   2
    1   2   3
    1   2   3   4
    1   2   3   4   5

22) 5
    5   4
    5   4   3
    5   4   3   2
    5   4   3   2   1

23) 5
    4   4
    3   3   3
    2   2   2   2
    1   1   1   1   1

24) 5
    4   5
    3   4   5
    2   3   4   5
    1   2   3   4   5

25) 1
    2   3
    4   5   6
    7   8   9   10
    11  12  13  14  15 


